-
-
  N: 100
  r: 8.
  lb: -20.
  ub: 0.
  mu_dm:
    from: -1.0
    to: -0.1
    'length.out': 5
  sig_dm:
    from: 0.1
    to: 0.4
    'length.out': 3
  mu_dx: [2.0, 2.66666666666667, 4.0]
  K: [3, 2, 1]
-
-
-
  N: 100
  r: 8.
  mu_dm:
    from: -1.0
    to: -0.1
    'length.out': 5
  sig_dm:
    from: 0.1
    to: 0.4
    'length.out': 3
  shape_dm:
    from: -1.0
    to: -0.1
    'length.out': 3
  mu_dx: [2.0, 2.66666666666667, 4.0]
  K: [3, 2, 1]
-
  N: 100
  r: 8.
  min_depth: -20.
  mu_dm:
    from: -1.0
    to: -0.1
    'length.out': 5
  sig_dm:
    from: 0.1
    to: 0.4
    'length.out': 3
  mu_dx: [2.0, 2.66666666666667, 4.0]
  K: [3, 2, 1]
